1.0
1.0
1.0
1.0
1.0
1.0
1.0
1.0
1.0
1.0
1.0
1.0
1.0
1.0
1.0
1.0
1.0
1.0
1.0
1.0
1.0
1.0
1.0
1.0
1.0
1.0
1.0
1.0
1.0
1.0
1.0
1.0
1.0
1.0
1.0
1.0
1.0
1.0
1.0
1.0
1.0
1.0
1.0
1.0
1.0
1.0
1.0
1.0
1.0
1.0
1.0
1.0
1.0
1.0
1.0
1.0
1.0
1.0
1.0
1.0
1.0
1.0
1.0
1.0
1.0
1.0
1.0
1.0
1.0
1.0
1.0
1.0
1.0
1.0
1.0
1.0
1.0
1.0
1.0
1.0
1.0
1.0
1.0
1.0
1.0
1.0
1.0
1.0
1.0
1.0
1.0
1.0
1.0
1.0
1.0
1.0
1.0
1.0
1.0
1.0
1.0
1.0
1.0
1.0
1.0
1.0
1.0
1.0
1.0
1.0
0.5
0.5
0.5
0.5
0.5
0.5
0.5
0.5
0.5
0.5
0.5
0.4444444444444444
0.4444444444444444
0.4444444444444444
0.4444444444444444
0.4444444444444444
0.4444444444444444
0.4444444444444444
0.4444444444444444
0.4444444444444444
0.4444444444444444
0.4444444444444444
0.38888888888888884
0.38888888888888884
0.38888888888888884
0.38888888888888884
0.38888888888888884
0.38888888888888884
0.38888888888888884
0.38888888888888884
0.38888888888888884
0.38888888888888884
0.38888888888888884
0.3333333333333333
0.3333333333333333
0.3333333333333333
0.3333333333333333
0.3333333333333333
0.3333333333333333
0.3333333333333333
0.3333333333333333
0.3333333333333333
0.3333333333333333
0.3333333333333333
0.2777777777777778
0.2777777777777778
0.2777777777777778
0.2777777777777778
0.2777777777777778
0.2777777777777778
0.2777777777777778
0.2777777777777778
0.2777777777777778
0.2777777777777778
0.2777777777777778
0.2222222222222222
0.2222222222222222
0.2222222222222222
0.2222222222222222
0.2222222222222222
0.2222222222222222
0.2222222222222222
0.2222222222222222
0.2222222222222222
0.2222222222222222
0.2222222222222222
0.16666666666666666
0.16666666666666666
0.16666666666666666
0.16666666666666666
0.16666666666666666
0.16666666666666666
0.16666666666666666
0.16666666666666666
0.16666666666666666
0.16666666666666666
0.16666666666666666
0.1111111111111111
0.1111111111111111
0.1111111111111111
0.1111111111111111
0.1111111111111111
0.1111111111111111
0.1111111111111111
0.1111111111111111
0.1111111111111111
0.1111111111111111
0.1111111111111111
0.05555555555555555
0.05555555555555555
0.05555555555555555
0.05555555555555555
0.05555555555555555
0.05555555555555555
0.05555555555555555
0.05555555555555555
0.05555555555555555
0.05555555555555555
0.05555555555555555
0.01
0.01
0.01
0.01
0.01
0.01
0.01
0.01
0.01
0.01
0.01
0.01
0.01
0.01
0.01
0.01
0.01
0.01
0.01
0.01
0.01
0.01
0.05555555555555558
0.05555555555555558
0.05555555555555558
0.05555555555555558
0.05555555555555558
0.05555555555555558
0.05555555555555558
0.05555555555555558
0.05555555555555558
0.05555555555555558
0.05555555555555558
0.11111111111111116
0.11111111111111116
0.11111111111111116
0.11111111111111116
0.11111111111111116
0.11111111111111116
0.11111111111111116
0.11111111111111116
0.11111111111111116
0.11111111111111116
0.11111111111111116
0.16666666666666669
0.16666666666666669
0.16666666666666669
0.16666666666666669
0.16666666666666669
0.16666666666666669
0.16666666666666669
0.16666666666666669
0.16666666666666669
0.16666666666666669
0.16666666666666669
0.2222222222222222
0.2222222222222222
0.2222222222222222
0.2222222222222222
0.2222222222222222
0.2222222222222222
0.2222222222222222
0.2222222222222222
0.2222222222222222
0.2222222222222222
0.2222222222222222
0.2777777777777778
0.2777777777777778
0.2777777777777778
0.2777777777777778
0.2777777777777778
0.2777777777777778
0.2777777777777778
0.2777777777777778
0.2777777777777778
0.2777777777777778
0.2777777777777778
0.33333333333333337
0.33333333333333337
0.33333333333333337
0.33333333333333337
0.33333333333333337
0.33333333333333337
0.33333333333333337
0.33333333333333337
0.33333333333333337
0.33333333333333337
0.33333333333333337
0.3888888888888889
0.3888888888888889
0.3888888888888889
0.3888888888888889
0.3888888888888889
0.3888888888888889
0.3888888888888889
0.3888888888888889
0.3888888888888889
0.3888888888888889
0.3888888888888889
0.4444444444444444
0.4444444444444444
0.4444444444444444
0.4444444444444444
0.4444444444444444
0.4444444444444444
0.4444444444444444
0.4444444444444444
0.4444444444444444
0.4444444444444444
0.4444444444444444
0.5
0.5
0.5
0.5
0.5
0.5
0.5
0.5
0.5
0.5
0.5
0.5
0.5
0.5
0.5
0.5
0.5
0.5
0.5
0.5
0.5
0.5
0.5
0.5
0.5
0.5
0.5
0.5
0.5
0.5
0.5
0.5
0.5
0.5
0.5
0.5
0.5
0.5
0.5
0.5
0.5
0.5
0.5
0.5
0.5
0.5
0.5
0.5
0.5
0.5
0.5
0.5
0.5
0.5
0.5
0.5
0.5
0.5
0.5
0.5
0.5
0.5
0.5
0.5
0.5
0.5
0.5
0.5
0.5
0.5
0.5
0.5
0.5
0.5
0.5
0.5
0.5
0.5
0.5
0.5
0.5
0.5
0.5
0.5
0.5
0.5
0.5
0.5
0.5
0.5
0.5
0.5
0.5
0.5
0.5
0.5
0.5
0.5
0.5
0.5
0.5
0.5
0.5
0.5
0.5
0.5
0.5
0.5
0.5
0.5
0.5
0.5
0.5
0.5
0.5
0.5
0.5
0.5
0.5
0.5
0.5
0.5
0.5
0.5
0.5
0.5
0.5
0.5
0.5
0.5
0.5
0.5
0.46938775510204067
0.46938775510204067
0.46938775510204067
0.46938775510204067
0.46938775510204067
0.46938775510204067
0.46938775510204067
0.46938775510204067
0.46938775510204067
0.46938775510204067
0.46938775510204067
0.43877551020408156
0.43877551020408156
0.43877551020408156
0.43877551020408156
0.43877551020408156
0.43877551020408156
0.43877551020408156
0.43877551020408156
0.43877551020408156
0.43877551020408156
0.43877551020408156
0.40816326530612246
0.40816326530612246
0.40816326530612246
0.40816326530612246
0.40816326530612246
0.40816326530612246
0.40816326530612246
0.40816326530612246
0.40816326530612246
0.40816326530612246
0.40816326530612246
0.37755102040816313
0.37755102040816313
0.37755102040816313
0.37755102040816313
0.37755102040816313
0.37755102040816313
0.37755102040816313
0.37755102040816313
0.37755102040816313
0.37755102040816313
0.37755102040816313
0.346938775510204
0.346938775510204
0.346938775510204
0.346938775510204
0.346938775510204
0.346938775510204
0.346938775510204
0.346938775510204
0.346938775510204
0.346938775510204
0.346938775510204
0.3163265306122449
0.3163265306122449
0.3163265306122449
0.3163265306122449
0.3163265306122449
0.3163265306122449
0.3163265306122449
0.3163265306122449
0.3163265306122449
0.3163265306122449
0.3163265306122449
0.2857142857142856
0.2857142857142856
0.2857142857142856
0.2857142857142856
0.2857142857142856
0.2857142857142856
0.2857142857142856
0.2857142857142856
0.2857142857142856
0.2857142857142856
0.2857142857142856
0.2551020408163265
0.2551020408163265
0.2551020408163265
0.2551020408163265
0.2551020408163265
0.2551020408163265
0.2551020408163265
0.2551020408163265
0.2551020408163265
0.2551020408163265
0.2551020408163265
0.22448979591836737
0.22448979591836737
0.22448979591836737
0.22448979591836737
0.22448979591836737
0.22448979591836737
0.22448979591836737
0.22448979591836737
0.22448979591836737
0.22448979591836737
0.22448979591836737
0.19387755102040805
0.19387755102040805
0.19387755102040805
0.19387755102040805
0.19387755102040805
0.19387755102040805
0.19387755102040805
0.19387755102040805
0.19387755102040805
0.19387755102040805
0.19387755102040805
0.16326530612244894
0.16326530612244894
0.16326530612244894
0.16326530612244894
0.16326530612244894
0.16326530612244894
0.16326530612244894
0.16326530612244894
0.16326530612244894
0.16326530612244894
0.16326530612244894
0.13265306122448983
0.13265306122448983
0.13265306122448983
0.13265306122448983
0.13265306122448983
0.13265306122448983
0.13265306122448983
0.13265306122448983
0.13265306122448983
0.13265306122448983
0.13265306122448983
0.1020408163265305
0.1020408163265305
0.1020408163265305
0.1020408163265305
0.1020408163265305
0.1020408163265305
0.1020408163265305
0.1020408163265305
0.1020408163265305
0.1020408163265305
0.1020408163265305
0.0714285714285714
0.0714285714285714
0.0714285714285714
0.0714285714285714
0.0714285714285714
0.0714285714285714
0.0714285714285714
0.0714285714285714
0.0714285714285714
0.0714285714285714
0.0714285714285714
0.04081632653061229
0.04081632653061229
0.04081632653061229
0.04081632653061229
0.04081632653061229
0.04081632653061229
0.04081632653061229
0.04081632653061229
0.04081632653061229
0.04081632653061229
0.04081632653061229
0.010204081632652962
0.010204081632652962
0.010204081632652962
0.010204081632652962
0.010204081632652962
0.010204081632652962
0.010204081632652962
0.010204081632652962
0.010204081632652962
0.010204081632652962
0.010204081632652962
-0.020408163265306145
-0.020408163265306145
-0.020408163265306145
-0.020408163265306145
-0.020408163265306145
-0.020408163265306145
-0.020408163265306145
-0.020408163265306145
-0.020408163265306145
-0.020408163265306145
-0.020408163265306145
-0.05102040816326536
-0.05102040816326536
-0.05102040816326536
-0.05102040816326536
-0.05102040816326536
-0.05102040816326536
-0.05102040816326536
-0.05102040816326536
-0.05102040816326536
-0.05102040816326536
-0.05102040816326536
-0.08163265306122447
-0.08163265306122447
-0.08163265306122447
-0.08163265306122447
-0.08163265306122447
-0.08163265306122447
-0.08163265306122447
-0.08163265306122447
-0.08163265306122447
-0.08163265306122447
-0.08163265306122447
-0.11224489795918369
-0.11224489795918369
-0.11224489795918369
-0.11224489795918369
-0.11224489795918369
-0.11224489795918369
-0.11224489795918369
-0.11224489795918369
-0.11224489795918369
-0.11224489795918369
-0.11224489795918369
-0.1428571428571429
-0.1428571428571429
-0.1428571428571429
-0.1428571428571429
-0.1428571428571429
-0.1428571428571429
-0.1428571428571429
-0.1428571428571429
-0.1428571428571429
-0.1428571428571429
-0.1428571428571429
-0.173469387755102
-0.173469387755102
-0.173469387755102
-0.173469387755102
-0.173469387755102
-0.173469387755102
-0.173469387755102
-0.173469387755102
-0.173469387755102
-0.173469387755102
-0.173469387755102
-0.20408163265306123
-0.20408163265306123
-0.20408163265306123
-0.20408163265306123
-0.20408163265306123
-0.20408163265306123
-0.20408163265306123
-0.20408163265306123
-0.20408163265306123
-0.20408163265306123
-0.20408163265306123
-0.23469387755102045
-0.23469387755102045
-0.23469387755102045
-0.23469387755102045
-0.23469387755102045
-0.23469387755102045
-0.23469387755102045
-0.23469387755102045
-0.23469387755102045
-0.23469387755102045
-0.23469387755102045
-0.26530612244897966
-0.26530612244897966
-0.26530612244897966
-0.26530612244897966
-0.26530612244897966
-0.26530612244897966
-0.26530612244897966
-0.26530612244897966
-0.26530612244897966
-0.26530612244897966
-0.26530612244897966
-0.29591836734693877
-0.29591836734693877
-0.29591836734693877
-0.29591836734693877
-0.29591836734693877
-0.29591836734693877
-0.29591836734693877
-0.29591836734693877
-0.29591836734693877
-0.29591836734693877
-0.29591836734693877
-0.326530612244898
-0.326530612244898
-0.326530612244898
-0.326530612244898
-0.326530612244898
-0.326530612244898
-0.326530612244898
-0.326530612244898
-0.326530612244898
-0.326530612244898
-0.326530612244898
-0.3571428571428572
-0.3571428571428572
-0.3571428571428572
-0.3571428571428572
-0.3571428571428572
-0.3571428571428572
-0.3571428571428572
-0.3571428571428572
-0.3571428571428572
-0.3571428571428572
-0.3571428571428572
-0.3877551020408163
-0.3877551020408163
-0.3877551020408163
-0.3877551020408163
-0.3877551020408163
-0.3877551020408163
-0.3877551020408163
-0.3877551020408163
-0.3877551020408163
-0.3877551020408163
-0.3877551020408163
-0.41836734693877553
-0.41836734693877553
-0.41836734693877553
-0.41836734693877553
-0.41836734693877553
-0.41836734693877553
-0.41836734693877553
-0.41836734693877553
-0.41836734693877553
-0.41836734693877553
-0.41836734693877553
-0.44897959183673475
-0.44897959183673475
-0.44897959183673475
-0.44897959183673475
-0.44897959183673475
-0.44897959183673475
-0.44897959183673475
-0.44897959183673475
-0.44897959183673475
-0.44897959183673475
-0.44897959183673475
-0.47959183673469385
-0.47959183673469385
-0.47959183673469385
-0.47959183673469385
-0.47959183673469385
-0.47959183673469385
-0.47959183673469385
-0.47959183673469385
-0.47959183673469385
-0.47959183673469385
-0.47959183673469385
-0.5102040816326531
-0.5102040816326531
-0.5102040816326531
-0.5102040816326531
-0.5102040816326531
-0.5102040816326531
-0.5102040816326531
-0.5102040816326531
-0.5102040816326531
-0.5102040816326531
-0.5102040816326531
-0.5408163265306123
-0.5408163265306123
-0.5408163265306123
-0.5408163265306123
-0.5408163265306123
-0.5408163265306123
-0.5408163265306123
-0.5408163265306123
-0.5408163265306123
-0.5408163265306123
-0.5408163265306123
-0.5714285714285714
-0.5714285714285714
-0.5714285714285714
-0.5714285714285714
-0.5714285714285714
-0.5714285714285714
-0.5714285714285714
-0.5714285714285714
-0.5714285714285714
-0.5714285714285714
-0.5714285714285714
-0.6020408163265306
-0.6020408163265306
-0.6020408163265306
-0.6020408163265306
-0.6020408163265306
-0.6020408163265306
-0.6020408163265306
-0.6020408163265306
-0.6020408163265306
-0.6020408163265306
-0.6020408163265306
-0.6326530612244898
-0.6326530612244898
-0.6326530612244898
-0.6326530612244898
-0.6326530612244898
-0.6326530612244898
-0.6326530612244898
-0.6326530612244898
-0.6326530612244898
-0.6326530612244898
-0.6326530612244898
-0.6632653061224489
-0.6632653061224489
-0.6632653061224489
-0.6632653061224489
-0.6632653061224489
-0.6632653061224489
-0.6632653061224489
-0.6632653061224489
-0.6632653061224489
-0.6632653061224489
-0.6632653061224489
-0.6938775510204082
-0.6938775510204082
-0.6938775510204082
-0.6938775510204082
-0.6938775510204082
-0.6938775510204082
-0.6938775510204082
-0.6938775510204082
-0.6938775510204082
-0.6938775510204082
-0.6938775510204082
-0.7244897959183674
-0.7244897959183674
-0.7244897959183674
-0.7244897959183674
-0.7244897959183674
-0.7244897959183674
-0.7244897959183674
-0.7244897959183674
-0.7244897959183674
-0.7244897959183674
-0.7244897959183674
-0.7551020408163265
-0.7551020408163265
-0.7551020408163265
-0.7551020408163265
-0.7551020408163265
-0.7551020408163265
-0.7551020408163265
-0.7551020408163265
-0.7551020408163265
-0.7551020408163265
-0.7551020408163265
-0.7857142857142857
-0.7857142857142857
-0.7857142857142857
-0.7857142857142857
-0.7857142857142857
-0.7857142857142857
-0.7857142857142857
-0.7857142857142857
-0.7857142857142857
-0.7857142857142857
-0.7857142857142857
-0.8163265306122449
-0.8163265306122449
-0.8163265306122449
-0.8163265306122449
-0.8163265306122449
-0.8163265306122449
-0.8163265306122449
-0.8163265306122449
-0.8163265306122449
-0.8163265306122449
-0.8163265306122449
-0.846938775510204
-0.846938775510204
-0.846938775510204
-0.846938775510204
-0.846938775510204
-0.846938775510204
-0.846938775510204
-0.846938775510204
-0.846938775510204
-0.846938775510204
-0.846938775510204
-0.8775510204081632
-0.8775510204081632
-0.8775510204081632
-0.8775510204081632
-0.8775510204081632
-0.8775510204081632
-0.8775510204081632
-0.8775510204081632
-0.8775510204081632
-0.8775510204081632
-0.8775510204081632
-0.9081632653061225
-0.9081632653061225
-0.9081632653061225
-0.9081632653061225
-0.9081632653061225
-0.9081632653061225
-0.9081632653061225
-0.9081632653061225
-0.9081632653061225
-0.9081632653061225
-0.9081632653061225
-0.9387755102040817
-0.9387755102040817
-0.9387755102040817
-0.9387755102040817
-0.9387755102040817
-0.9387755102040817
-0.9387755102040817
-0.9387755102040817
-0.9387755102040817
-0.9387755102040817
-0.9387755102040817
-0.9693877551020408
-0.9693877551020408
-0.9693877551020408
-0.9693877551020408
-0.9693877551020408
-0.9693877551020408
-0.9693877551020408
-0.9693877551020408
-0.9693877551020408
-0.9693877551020408
-0.9693877551020408
-1.0
-1.0
-1.0
-1.0
-1.0
-1.0
-1.0
-1.0
-1.0
-1.0
-1.0
-1.0
-1.0
-1.0
-1.0
-1.0
-1.0
-1.0
-1.0
-1.0
-1.0
-1.0
-1.0
-1.0
-1.0
-1.0
-1.0
-1.0
-1.0
-1.0
-1.0
-1.0
-1.0
-1.0
-1.0
-1.0
-1.0
-1.0
-1.0
-1.0
-1.0
-1.0
-1.0
-1.0
-1.0
-1.0
-1.0
-1.0
-1.0
-1.0
-1.0
-1.0
-1.0
-1.0
-1.0
-1.0
-1.0
-1.0
-1.0
-1.0
-1.0
-1.0
-1.0
-1.0
-1.0
-1.0
-1.0
-1.0
-1.0
-1.0
-1.0
-1.0
-1.0
-1.0
-1.0
-1.0
-1.0
-1.0
-1.0
-1.0
-1.0
-1.0
-1.0
-1.0
-1.0
-1.0
-1.0
-1.0
-1.0
-1.0
-1.0
-1.0
-1.0
-1.0
-1.0
-1.0
-1.0
-1.0
-1.0
-1.0
-1.0
-1.0
-1.0
-1.0
-1.0
-1.0
-1.0
-1.0
-1.0
-1.0
-1.0
-1.0
-1.0
-1.0
-1.0
-1.0
-1.0
-1.0
-1.0
-1.0
-1.0
