0.01
0.01
0.01
0.01
0.01
0.01
0.01
0.01
0.01
0.01
0.01
0.01
0.01
0.01
0.01
0.01
0.01
0.01
0.01
0.01
0.01
0.01
0.01
0.01
0.01
0.01
0.01
0.01
0.01
0.01
0.01
0.01
0.01
0.01
0.01
0.01
0.01
0.01
0.01
0.01
0.01
0.01
0.01
0.01
0.01
0.01
0.01
0.01
0.01
0.01
0.01
0.01
0.01
0.01
0.01
0.01
0.01
0.01
0.01
0.01
0.01
0.01
0.01
0.01
0.01
0.01
0.01
0.01
0.01
0.01
0.01
0.01
0.01
0.01
0.01
0.01
0.01
0.01
0.01
0.01
0.01
0.01
0.01
0.01
0.01
0.01
0.01
0.01
0.01
0.01
0.01
0.01
0.01
0.01
0.01
0.01
0.01
0.01
0.01
0.01
0.01
0.01
0.01
0.01
0.01
0.01
0.01
0.01
0.01
0.01
0.01
0.01
0.01
0.01
0.01
0.01
0.01
0.01
0.01
0.01
0.01
0.01
-0.5641025641025641
-0.5641025641025641
-0.5641025641025641
-0.5641025641025641
-0.5641025641025641
-0.5641025641025641
-0.5641025641025641
-0.5641025641025641
-0.5641025641025641
0.01
0.01
-0.6153846153846154
-0.6153846153846154
-0.6153846153846154
-0.6153846153846154
-0.6153846153846154
-0.6153846153846154
-0.6153846153846154
-0.6153846153846154
-0.6153846153846154
0.01
0.01
-0.6666666666666666
-0.6666666666666666
-0.6666666666666666
-0.6666666666666666
-0.6666666666666666
-0.6666666666666666
-0.6666666666666666
-0.6666666666666666
-0.6666666666666666
0.01
0.01
-0.717948717948718
-0.717948717948718
-0.717948717948718
-0.717948717948718
-0.717948717948718
-0.717948717948718
-0.717948717948718
-0.717948717948718
-0.717948717948718
0.01
0.01
-0.7692307692307692
-0.7692307692307692
-0.7692307692307692
-0.7692307692307692
-0.7692307692307692
-0.7692307692307692
-0.7692307692307692
-0.7692307692307692
-0.7692307692307692
0.01
0.01
-0.8205128205128205
-0.8205128205128205
-0.8205128205128205
-0.8205128205128205
-0.8205128205128205
-0.8205128205128205
-0.8205128205128205
-0.8205128205128205
-0.8205128205128205
0.01
0.01
-0.8717948717948718
-0.8717948717948718
-0.8717948717948718
-0.8717948717948718
-0.8717948717948718
-0.8717948717948718
-0.8717948717948718
-0.8717948717948718
-0.8717948717948718
0.01
0.01
-0.923076923076923
-0.923076923076923
-0.923076923076923
-0.923076923076923
-0.923076923076923
-0.923076923076923
-0.923076923076923
-0.923076923076923
-0.923076923076923
0.01
0.01
-0.9743589743589743
-0.9743589743589743
-0.9743589743589743
-0.9743589743589743
-0.9743589743589743
-0.9743589743589743
-0.9743589743589743
-0.9743589743589743
-0.9743589743589743
0.01
0.01
-1.0256410256410255
-1.0256410256410255
-1.0256410256410255
-1.0256410256410255
-1.0256410256410255
-1.0256410256410255
-1.0256410256410255
-1.0256410256410255
-1.0256410256410255
0.01
0.01
-1.0769230769230769
-1.0769230769230769
-1.0769230769230769
-1.0769230769230769
-1.0769230769230769
-1.0769230769230769
-1.0769230769230769
-1.0769230769230769
-1.0769230769230769
0.01
0.01
-1.1282051282051282
-1.1282051282051282
-1.1282051282051282
-1.1282051282051282
-1.1282051282051282
-1.1282051282051282
-1.1282051282051282
-1.1282051282051282
-1.1282051282051282
0.01
0.01
-1.1794871794871795
-1.1794871794871795
-1.1794871794871795
-1.1794871794871795
-1.1794871794871795
-1.1794871794871795
-1.1794871794871795
-1.1794871794871795
-1.1794871794871795
0.01
0.01
-1.2307692307692308
-1.2307692307692308
-1.2307692307692308
-1.2307692307692308
-1.2307692307692308
-1.2307692307692308
-1.2307692307692308
-1.2307692307692308
-1.2307692307692308
0.01
0.01
-1.282051282051282
-1.282051282051282
-1.282051282051282
-1.282051282051282
-1.282051282051282
-1.282051282051282
-1.282051282051282
-1.282051282051282
-1.282051282051282
0.01
0.01
-1.3333333333333333
-1.3333333333333333
-1.3333333333333333
-1.3333333333333333
-1.3333333333333333
-1.3333333333333333
-1.3333333333333333
-1.3333333333333333
-1.3333333333333333
0.01
0.01
-1.3846153846153846
-1.3846153846153846
-1.3846153846153846
-1.3846153846153846
-1.3846153846153846
-1.3846153846153846
-1.3846153846153846
-1.3846153846153846
-1.3846153846153846
0.01
0.01
-1.435897435897436
-1.435897435897436
-1.435897435897436
-1.435897435897436
-1.435897435897436
-1.435897435897436
-1.435897435897436
-1.435897435897436
-1.435897435897436
0.01
0.01
-1.4871794871794872
-1.4871794871794872
-1.4871794871794872
-1.4871794871794872
-1.4871794871794872
-1.4871794871794872
-1.4871794871794872
-1.4871794871794872
-1.4871794871794872
0.01
0.01
-1.5384615384615383
-1.5384615384615383
-1.5384615384615383
-1.5384615384615383
-1.5384615384615383
-1.5384615384615383
-1.5384615384615383
-1.5384615384615383
-1.5384615384615383
0.01
0.01
-1.5897435897435896
-1.5897435897435896
-1.5897435897435896
-1.5897435897435896
-1.5897435897435896
-1.5897435897435896
-1.5897435897435896
-1.5897435897435896
-1.5897435897435896
0.01
0.01
-1.641025641025641
-1.641025641025641
-1.641025641025641
-1.641025641025641
-1.641025641025641
-1.641025641025641
-1.641025641025641
-1.641025641025641
-1.641025641025641
0.01
0.01
-1.6923076923076923
-1.6923076923076923
-1.6923076923076923
-1.6923076923076923
-1.6923076923076923
-1.6923076923076923
-1.6923076923076923
-1.6923076923076923
-1.6923076923076923
0.01
0.01
-1.7435897435897436
-1.7435897435897436
-1.7435897435897436
-1.7435897435897436
-1.7435897435897436
-1.7435897435897436
-1.7435897435897436
-1.7435897435897436
-1.7435897435897436
0.01
0.01
-1.7948717948717947
-1.7948717948717947
-1.7948717948717947
-1.7948717948717947
-1.7948717948717947
-1.7948717948717947
-1.7948717948717947
-1.7948717948717947
-1.7948717948717947
0.01
0.01
-1.846153846153846
-1.846153846153846
-1.846153846153846
-1.846153846153846
-1.846153846153846
-1.846153846153846
-1.846153846153846
-1.846153846153846
-1.846153846153846
0.01
0.01
-1.8974358974358974
-1.8974358974358974
-1.8974358974358974
-1.8974358974358974
-1.8974358974358974
-1.8974358974358974
-1.8974358974358974
-1.8974358974358974
-1.8974358974358974
0.01
0.01
-1.9487179487179487
-1.9487179487179487
-1.9487179487179487
-1.9487179487179487
-1.9487179487179487
-1.9487179487179487
-1.9487179487179487
-1.9487179487179487
-1.9487179487179487
0.01
0.01
-2.0
-2.0
-2.0
-2.0
-2.0
-2.0
-2.0
-2.0
-2.0
0.01
0.01
-2.0
-2.0
-2.0
-2.0
-2.0
-2.0
-2.0
-2.0
-2.0
0.01
0.01
-1.9487179487179487
-1.9487179487179487
-1.9487179487179487
-1.9487179487179487
-1.9487179487179487
-1.9487179487179487
-1.9487179487179487
-1.9487179487179487
-1.9487179487179487
0.01
0.01
-1.8974358974358974
-1.8974358974358974
-1.8974358974358974
-1.8974358974358974
-1.8974358974358974
-1.8974358974358974
-1.8974358974358974
-1.8974358974358974
-1.8974358974358974
0.01
0.01
-1.8461538461538463
-1.8461538461538463
-1.8461538461538463
-1.8461538461538463
-1.8461538461538463
-1.8461538461538463
-1.8461538461538463
-1.8461538461538463
-1.8461538461538463
0.01
0.01
-1.794871794871795
-1.794871794871795
-1.794871794871795
-1.794871794871795
-1.794871794871795
-1.794871794871795
-1.794871794871795
-1.794871794871795
-1.794871794871795
0.01
0.01
-1.7435897435897436
-1.7435897435897436
-1.7435897435897436
-1.7435897435897436
-1.7435897435897436
-1.7435897435897436
-1.7435897435897436
-1.7435897435897436
-1.7435897435897436
0.01
0.01
-0.5
-0.5
-0.5
-0.5
-0.5
-0.5
-0.5
-0.5
-0.5
0.01
0.01
-0.5
-0.5
-0.5
-0.5
-0.5
-0.5
-0.5
-0.5
-0.5
0.01
0.01
-0.5
-0.5
-0.5
-0.5
-0.5
-0.5
-0.5
-0.5
-0.5
0.01
0.01
-0.5
-0.5
-0.5
-0.5
-0.5
-0.5
-0.5
-0.5
-0.5
0.01
0.01
-0.5
-0.5
-0.5
-0.5
-0.5
-0.5
-0.5
-0.5
-0.5
0.01
0.01
-0.5
-0.5
-0.5
-0.5
-0.5
-0.5
-0.5
-0.5
-0.5
0.01
0.01
-0.5
-0.5
-0.5
-0.5
-0.5
-0.5
-0.5
-0.5
-0.5
0.01
0.01
-0.5
-0.5
-0.5
-0.5
-0.5
-0.5
-0.5
-0.5
-0.5
0.01
0.01
-0.5
-0.5
-0.5
-0.5
-0.5
-0.5
-0.5
-0.5
-0.5
0.01
0.01
-0.5
-0.5
-0.5
-0.5
-0.5
-0.5
-0.5
-0.5
-0.5
0.01
0.01
-0.5
-0.5
-0.5
-0.5
-0.5
-0.5
-0.5
-0.5
-0.5
0.01
0.01
-1.1282051282051282
-1.1282051282051282
-1.1282051282051282
-1.1282051282051282
-1.1282051282051282
-1.1282051282051282
-1.1282051282051282
-1.1282051282051282
-1.1282051282051282
0.01
0.01
-1.076923076923077
-1.076923076923077
-1.076923076923077
-1.076923076923077
-1.076923076923077
-1.076923076923077
-1.076923076923077
-1.076923076923077
-1.076923076923077
0.01
0.01
-1.0256410256410255
-1.0256410256410255
-1.0256410256410255
-1.0256410256410255
-1.0256410256410255
-1.0256410256410255
-1.0256410256410255
-1.0256410256410255
-1.0256410256410255
0.01
0.01
-0.9743589743589745
-0.9743589743589745
-0.9743589743589745
-0.9743589743589745
-0.9743589743589745
-0.9743589743589745
-0.9743589743589745
-0.9743589743589745
-0.9743589743589745
0.01
0.01
-0.9230769230769231
-0.9230769230769231
-0.9230769230769231
-0.9230769230769231
-0.9230769230769231
-0.9230769230769231
-0.9230769230769231
-0.9230769230769231
-0.9230769230769231
0.01
0.01
-0.8717948717948718
-0.8717948717948718
-0.8717948717948718
-0.8717948717948718
-0.8717948717948718
-0.8717948717948718
-0.8717948717948718
-0.8717948717948718
-0.8717948717948718
0.01
0.01
-0.8205128205128205
-0.8205128205128205
-0.8205128205128205
-0.8205128205128205
-0.8205128205128205
-0.8205128205128205
-0.8205128205128205
-0.8205128205128205
-0.8205128205128205
0.01
0.01
-0.7692307692307692
-0.7692307692307692
-0.7692307692307692
-0.7692307692307692
-0.7692307692307692
-0.7692307692307692
-0.7692307692307692
-0.7692307692307692
-0.7692307692307692
0.01
0.01
-0.7179487179487181
-0.7179487179487181
-0.7179487179487181
-0.7179487179487181
-0.7179487179487181
-0.7179487179487181
-0.7179487179487181
-0.7179487179487181
-0.7179487179487181
0.01
0.01
-0.6666666666666667
-0.6666666666666667
-0.6666666666666667
-0.6666666666666667
-0.6666666666666667
-0.6666666666666667
-0.6666666666666667
-0.6666666666666667
-0.6666666666666667
0.01
0.01
-0.6153846153846154
-0.6153846153846154
-0.6153846153846154
-0.6153846153846154
-0.6153846153846154
-0.6153846153846154
-0.6153846153846154
-0.6153846153846154
-0.6153846153846154
0.01
0.01
-0.5641025641025641
-0.5641025641025641
-0.5641025641025641
-0.5641025641025641
-0.5641025641025641
-0.5641025641025641
-0.5641025641025641
-0.5641025641025641
-0.5641025641025641
0.01
0.01
0.01
0.01
0.01
0.01
0.01
0.01
0.01
0.01
0.01
0.01
0.01
0.01
0.01
0.01
0.01
0.01
0.01
0.01
0.01
0.01
0.01
0.01
0.01
0.01
0.01
0.01
0.01
0.01
0.01
0.01
0.01
0.01
0.01
0.01
0.01
0.01
0.01
0.01
0.01
0.01
0.01
0.01
0.01
0.01
0.01
0.01
0.01
0.01
0.01
0.01
0.01
0.01
0.01
0.01
0.01
0.01
0.01
0.01
0.01
0.01
0.01
0.01
0.01
0.01
0.01
0.01
0.01
0.01
0.01
0.01
0.01
0.01
0.01
0.01
0.01
0.01
0.01
0.01
0.01
0.01
0.01
0.01
0.01
0.01
0.01
0.01
0.01
0.01
0.01
0.01
0.01
0.01
0.01
0.01
0.01
0.01
0.01
0.01
0.01
0.01
0.01
0.01
0.01
0.01
0.01
0.01
0.01
0.01
0.01
0.01
0.01
0.01
0.01
0.01
0.01
0.01
0.01
0.01
0.01
0.01
